1.618012999999999924e+00 0.000000000000000000e+00
1.684018607743580143e+00 7.174932757120668914e-01
1.434550940279586406e+00 1.493525734626379275e+00
8.307818327105658263e-01 2.190591658764020622e+00
-1.067251744789566442e-01 2.648357889510197793e+00
-1.285469373323831377e+00 2.709069315797735911e+00
-2.539221478371667118e+00 2.249553931876260293e+00
-3.640351491757425784e+00 1.215327901646668707e+00
-4.327783057406428213e+00 -3.493747674965494987e-01
-4.349404579918448199e+00 -2.282743619470300356e+00
-3.514573151169520404e+00 -4.304570650136106735e+00
-1.749124443712928079e+00 -6.038678104649582323e+00
8.573187136345965520e-01 -7.060654840938403787e+00
4.023276102864814519e+00 -6.968518623039565263e+00
7.277529336921038983e+00 -5.468708520554375951e+00
9.999460085983164603e+00 -2.464645553466684902e+00
1.150030529038447824e+01 1.868981521726805761e+00
1.114066848008657296e+01 7.044931885345560474e+00
8.471132041326740136e+00 1.227255350025461844e+01
3.374552227947372973e+00 1.652965009321825463e+01
-3.817709775565174990e+00 1.870037933475279601e+01
-1.226596493783816122e+01 1.777031808706047045e+01
-2.064643295942628853e+01 1.305601312295592109e+01
-2.727825976091268245e+01 4.433148699159892736e+00
-3.035689540573457990e+01 -7.482302707890725380e+00
-2.827732215799801452e+01 -2.124902909554326769e+01
-2.000818361766324216e+01 -3.465519059296001103e+01
-5.456870433257508424e+00 -4.494137131057084389e+01
1.424936657923165662e+01 -4.919452030781521046e+01
3.664552509202567876e+01 -4.488262016042226321e+01
5.804324458885519533e+01 -3.046344477823850028e+01
7.391981444206939500e+01 -5.967424346719235828e+00
7.958151748069327880e+01 2.656821432453956078e+01
7.104654977705644114e+01 6.294175075256129048e+01
4.603388780809293479e+01 9.701436341911485783e+01
4.891660484129122466e+00 1.213853029446474494e+02
-4.873600604878905784e+01 1.285062866428187647e+02
-1.077091083979018009e+02 1.121370602668015124e+02
-1.618291876919936385e+02 6.894897327680328658e+01
-1.990056866308881354e+02 1.218558385723191950e-13
