0.0000 1.0000
0.0404 1.3091
0.0808 1.5860
0.1212 1.8257
0.1616 2.0250
0.2020 2.1814
0.2424 2.2943
0.2828 2.3641
0.3232 2.3921
0.3636 2.3809
0.4040 2.3339
0.4444 2.2550
0.4848 2.1489
0.5253 2.0204
0.5657 1.8748
0.6061 1.7172
0.6465 1.5528
0.6869 1.3864
0.7273 1.2227
0.7677 1.0657
0.8081 0.9192
0.8485 0.7862
0.8889 0.6693
0.9293 0.5702
0.9697 0.4902
1.0101 0.4300
1.0505 0.3896
1.0909 0.3686
1.1313 0.3660
1.1717 0.3805
1.2121 0.4104
1.2525 0.4536
1.2929 0.5080
1.3333 0.5712
1.3737 0.6410
1.4141 0.7148
1.4545 0.7906
1.4949 0.8660
1.5354 0.9391
1.5758 1.0082
1.6162 1.0717
1.6566 1.1284
1.6970 1.1772
1.7374 1.2175
1.7778 1.2490
1.8182 1.2713
1.8586 1.2847
1.8990 1.2895
1.9394 1.2862
1.9798 1.2756
2.0202 1.2585
2.0606 1.2358
2.1010 1.2086
2.1414 1.1779
2.1818 1.1450
2.2222 1.1107
2.2626 1.0761
2.3030 1.0422
2.3434 1.0098
2.3838 0.9797
2.4242 0.9524
2.4646 0.9285
2.5051 0.9084
2.5455 0.8923
2.5859 0.8803
2.6263 0.8724
2.6667 0.8685
2.7071 0.8684
2.7475 0.8718
2.7879 0.8784
2.8283 0.8877
2.8687 0.8992
2.9091 0.9126
2.9495 0.9272
2.9899 0.9426
3.0303 0.9584
3.0707 0.9740
3.1111 0.9892
3.1515 1.0034
3.1919 1.0164
3.2323 1.0280
3.2727 1.0380
3.3131 1.0461
3.3535 1.0524
3.3939 1.0568
3.4343 1.0594
3.4747 1.0602
3.5152 1.0593
3.5556 1.0569
3.5960 1.0532
3.6364 1.0484
3.6768 1.0426
3.7172 1.0362
3.7576 1.0293
3.7980 1.0221
3.8384 1.0149
3.8788 1.0079
3.9192 1.0012
3.9596 0.9950
4.0000 0.9895